100
9001
3954
1521
6346
6996
1062
8972
5539
4537
3754
1775
6424
4077
8587
3131
6674
6994
106
1520
8130
3787
5965
7579
677
8686
3637
5760
2486
2670
4383
7322
8639
2050
1632
548
6137
8510
1710
1586
6655
6120
6796
6716
8185
4291
7210
3904
1200
1559
3322
1799
3485
4837
1859
6933
6627
4374
7169
5376
7901
421
3708
7376
6534
7515
3648
290
7898
7390
8836
7799
3197
5047
7198
3324
4780
3690
8905
6343
1783
2882
1519
8612
7648
8408
2278
1877
851
5995
8243
3693
867
364
7122
952
3572
8517
6294
5902
6765
8796
1 1 4612
47 1 2999
21 2 6934
31 2 192
58 2 5449
66 2 6374
69 2 4908
75 2 3585
6 3 5473
12 3 7987
43 4 8842
75 4 4029
83 4 7380
90 5 252
20 6 4161
23 6 526
37 6 5130
6 7 486
19 7 8560
26 7 4710
62 7 6265
80 7 4256
85 7 5462
32 8 6094
47 8 722
12 9 3578
83 9 3075
94 9 8653
4 10 8006
6 10 436
30 10 4517
72 10 5198
7 11 4049
20 11 8408
22 11 8925
25 11 4888
32 11 7022
35 11 6279
64 11 5423
66 11 3317
70 11 2920
82 11 3508
93 11 8537
59 12 5741
61 12 1353
64 12 8631
80 12 1654
95 12 6197
99 12 1033
100 12 8488
7 13 5695
16 13 7873
73 13 5058
83 13 1897
25 14 7719
34 14 7711
38 14 4401
51 14 5951
60 14 5532
36 15 2363
67 15 2496
76 15 2103
2 16 4016
3 16 8246
33 16 6517
51 16 1661
1 17 1473
12 17 6829
50 17 7115
74 17 3548
8 18 8184
55 18 7207
58 18 8680
79 18 6334
92 18 4714
95 18 3813
14 19 2824
32 19 6715
34 19 3823
46 19 2773
67 19 6626
77 19 7575
84 19 7295
89 19 6895
92 19 5470
6 20 2879
18 20 3255
35 20 531
50 20 1617
57 20 4247
82 20 7531
15 21 1386
20 21 2210
43 21 5834
76 21 5005
84 21 1059
31 22 238
32 22 3742
39 22 4590
46 22 5541
47 22 2357
61 22 2235
73 22 4938
81 22 3976
92 22 1174
5 23 4483
11 23 7963
16 23 1998
39 23 1690
41 23 8268
42 23 8352
54 23 2749
65 23 1256
66 23 2662
98 23 7314
34 24 7273
49 24 260
74 24 185
94 24 7819
16 25 2015
26 25 8520
41 25 3211
66 25 6374
79 25 4685
81 25 4667
90 25 2657
95 25 7286
17 26 5209
29 26 403
34 26 1516
45 26 7153
69 26 1426
90 26 7899
61 27 6287
67 27 7306
98 27 4712
10 28 112
12 28 259
20 28 8933
21 28 2369
46 28 6756
49 28 6558
59 28 1091
81 28 8103
92 28 825
46 29 4678
57 29 5914
67 29 847
69 29 5840
81 29 655
17 30 1433
18 30 4834
70 30 6262
97 30 2042
99 30 592
7 31 6976
48 31 6539
61 31 3867
70 31 2693
8 32 6299
36 32 4301
39 32 8708
41 32 2797
64 32 2278
2 33 3944
35 33 3159
95 33 1
100 33 1379
31 34 5552
32 34 1968
34 34 1938
40 34 1398
59 34 432
68 34 3018
88 34 179
28 35 690
30 35 1817
42 35 5918
57 35 8510
61 35 8719
76 35 479
78 35 4329
15 36 4868
31 36 5352
41 36 998
46 36 1854
47 36 626
50 37 6828
54 37 8503
61 37 2646
80 37 6970
3 38 7126
16 38 8126
25 38 8363
29 38 4071
33 38 1899
42 38 4721
56 38 2510
59 38 6127
96 38 4398
99 38 6765
30 39 7701
41 39 823
77 39 7655
22 40 4650
37 40 611
55 40 6708
77 40 6388
81 40 3941
33 41 4701
37 41 6962
44 41 5129
91 41 1675
38 42 7869
39 42 4479
42 42 4392
64 42 6059
80 42 1015
99 42 2653
12 43 960
42 43 6225
90 43 7189
3 44 5786
4 44 4925
47 44 7667
49 44 1550
60 44 1807
69 44 3445
97 44 704
6 45 4723
41 45 5095
55 45 6563
93 45 8838
96 45 853
36 46 7517
47 46 6794
72 46 1098
91 46 8264
93 46 6879
95 46 4394
42 47 2999
76 47 6577
78 47 136
8 48 956
19 48 7687
32 48 7232
78 48 8242
6 49 4194
51 49 4234
87 49 5995
19 50 5011
35 50 587
98 50 7366
22 51 3390
26 51 4158
67 51 2013
79 51 1356
24 52 2148
31 52 3544
34 52 6277
37 52 8510
71 52 3849
81 53 6509
5 54 5636
20 54 2769
29 54 290
34 54 7167
58 54 4895
60 54 350
63 54 2033
82 55 3433
100 55 5317
63 56 6429
71 56 176
79 56 5394
98 56 6583
1 57 6053
4 57 5740
57 57 3368
66 58 7069
71 58 7929
15 59 3844
40 59 8086
55 59 5335
91 59 7593
11 60 4630
66 60 4855
75 60 8947
99 60 2802
55 61 2263
63 61 5910
66 61 5213
5 62 6412
8 62 7093
24 62 292
45 62 994
97 62 3055
39 63 6661
94 63 8112
25 64 8270
29 64 1997
77 64 1686
98 64 6961
6 65 2430
24 65 1974
30 65 760
33 65 4214
50 65 8175
68 65 8950
74 65 8738
85 65 256
4 66 2900
9 66 7928
10 66 8392
41 66 1236
66 66 3461
86 66 1402
89 66 1260
94 66 7059
2 67 7317
15 67 7650
19 67 2674
46 67 6483
66 67 3904
77 67 8799
33 68 1737
37 68 3578
67 68 3614
69 68 6911
75 68 3538
77 68 5128
85 68 46
87 68 4780
15 69 2585
16 69 1981
32 69 3376
39 69 5710
11 70 1564
14 70 5687
17 70 6909
19 70 8474
45 70 7905
11 71 8402
27 71 4020
55 71 5226
75 71 2075
78 71 8313
96 71 3602
99 71 3597
9 72 602
23 72 1406
33 72 8126
40 72 6591
69 72 827
78 72 8831
96 72 601
97 72 8315
6 73 1129
11 73 3077
12 73 8123
17 73 7233
62 73 7897
71 73 2176
99 73 2266
64 74 2749
97 74 5233
8 75 7824
39 75 7057
62 75 5304
28 76 1310
97 76 847
20 77 6611
29 77 4957
34 77 881
51 77 2427
87 77 6609
89 77 6142
64 78 5818
82 78 6387
37 79 8932
98 79 4721
47 80 5453
85 80 7586
93 80 4759
98 80 7342
100 80 7473
29 81 2870
44 81 4550
49 81 6637
53 81 1762
70 81 4989
97 82 3236
22 83 2852
26 83 8432
37 83 4278
46 83 6334
56 83 7012
26 84 5932
51 84 1021
58 84 338
67 84 5551
81 84 752
98 84 285
20 85 5707
38 85 2847
46 85 1242
14 86 8672
41 86 4200
47 86 8574
49 86 1286
53 86 3899
68 86 2114
75 86 6887
93 86 8970
22 87 8198
31 87 4814
66 87 8229
56 88 365
78 88 8137
83 88 7497
65 89 5475
7 90 1159
19 90 4016
26 90 1126
74 90 4499
84 90 7588
98 90 223
99 90 2131
16 91 5386
23 91 5642
28 91 8973
100 91 4160
6 92 363
12 92 8770
17 92 3887
20 92 563
57 92 6439
86 92 5225
98 92 6254
33 93 3348
41 93 4844
69 93 5930
93 93 8173
11 94 3244
13 94 5055
19 94 7355
39 94 7930
46 94 3026
50 94 5695
68 94 3794
90 94 2778
94 94 1670
7 95 2837
40 95 2477
52 95 1608
72 95 8939
75 95 3101
77 95 2933
40 96 3631
57 96 132
62 96 7127
75 96 1876
79 96 2542
84 96 7687
93 96 1995
3 97 370
11 97 3694
16 97 952
18 97 6758
32 97 1776
36 97 2200
42 97 8746
57 97 6474
63 97 6664
68 97 7056
77 97 5497
88 97 6879
2 98 2432
6 98 8610
8 98 6976
11 98 2206
37 98 1878
49 98 591
81 98 2203
33 99 8264
40 99 3598
84 99 2569
25 100 3149
69 100 8205
84 100 2903
93 100 2381
95 100 1290
