50
2
1
0
1
0
1
0
0
0
1
0
1
1
0
0
0
0
1
1
0
1
0
1
1
0
1
1
0
1
0
0
0
0
1
1
0
1
0
0
1
0
0
0
1
0
1
1
0
1
0
0
25 1 1
33 1 1
50 1 1
9 2 1
22 2 1
43 2 1
16 3 1
18 3 1
20 3 1
27 3 1
29 3 1
45 3 1
7 4 1
12 4 1
19 4 1
33 4 1
37 4 1
49 4 1
1 5 1
4 5 1
12 6 1
16 6 1
37 6 1
43 6 1
2 7 1
5 7 1
27 7 1
10 8 1
12 8 1
25 8 1
43 8 1
5 9 1
6 9 1
12 9 1
27 9 1
29 9 1
41 9 1
13 10 1
17 10 1
18 10 1
23 10 1
3 11 1
8 11 1
33 11 1
36 11 1
42 11 1
44 11 1
48 11 1
4 12 1
13 12 1
49 12 1
9 13 1
17 13 1
22 13 1
34 13 1
35 13 1
48 13 1
3 14 1
22 14 1
27 14 1
28 14 1
29 14 1
4 15 1
28 15 1
31 15 1
5 16 1
17 16 1
22 16 1
34 16 1
50 16 1
18 17 1
25 17 1
35 17 1
37 17 1
39 17 1
40 17 1
41 17 1
42 17 1
50 17 1
7 18 1
8 18 1
29 18 1
33 18 1
6 19 1
44 19 1
49 19 1
7 20 1
11 20 1
33 20 1
3 21 1
5 21 1
44 21 1
9 22 1
25 22 1
38 22 1
44 22 1
9 23 1
20 23 1
38 23 1
48 23 1
3 24 1
40 24 1
19 25 1
24 25 1
27 25 1
6 26 1
11 26 1
21 26 1
47 26 1
6 27 1
7 27 1
40 27 1
49 27 1
7 28 1
13 28 1
28 28 1
42 28 1
1 29 1
4 29 1
7 29 1
15 29 1
31 29 1
35 29 1
40 29 1
10 30 1
14 30 1
35 30 1
40 30 1
43 30 1
2 31 1
26 31 1
7 32 1
40 32 1
43 32 1
48 32 1
6 33 1
7 33 1
12 33 1
16 33 1
26 33 1
33 33 1
45 33 1
3 34 1
9 34 1
19 34 1
25 34 1
28 34 1
30 34 1
40 34 1
42 34 1
12 35 1
20 35 1
22 35 1
29 35 1
35 35 1
2 36 1
29 36 1
3 37 1
25 37 1
29 37 1
37 37 1
7 38 1
8 38 1
16 38 1
28 38 1
32 38 1
34 38 1
9 39 1
10 39 1
19 39 1
22 39 1
35 39 1
38 39 1
39 39 1
8 40 1
25 40 1
4 41 1
8 41 1
17 41 1
19 41 1
34 41 1
38 41 1
43 41 1
3 42 1
7 42 1
10 42 1
11 42 1
23 42 1
41 42 1
48 42 1
1 43 1
14 43 1
21 43 1
40 43 1
45 43 1
49 43 1
13 44 1
25 44 1
27 44 1
30 44 1
34 44 1
35 44 1
45 44 1
12 45 1
16 45 1
19 45 1
33 45 1
34 45 1
42 45 1
50 45 1
2 46 1
7 46 1
10 46 1
23 46 1
30 46 1
49 46 1
23 47 1
28 47 1
35 47 1
39 47 1
5 48 1
11 48 1
25 48 1
27 48 1
31 48 1
37 48 1
45 48 1
48 48 1
7 49 1
29 49 1
46 49 1
47 49 1
14 50 1
21 50 1
22 50 1
